place(9.835, 1.000, -35.107, "Brawler", 600)
place(4.534, 1.000, -35.014, "Brawler", 732)
upgrade(4.534, 2.350, -35.014, 807)
upgrade(9.835, 2.350, -35.107, 530)
upgrade(9.835, 2.350, -35.107, 1074)
upgrade(4.534, 2.350, -35.014, 1277)
place(6.563, 1.000, -27.210, "Commander", 1707)
upgrade(6.563, 2.700, -27.210, 886)
upgrade(9.835, 2.350, -35.107, 2133)
upgrade(4.534, 2.350, -35.014, 2021)
place(11.125, 1.000, -29.990, "Hacker", 2181)
upgrade(11.125, 2.403, -29.990, 1101)
upgrade(11.125, 2.403, -29.990, 2488)
place(8.809, 1.000, -25.131, "Scout", 1564)
upgrade(8.809, 2.350, -25.131, 1496)
upgrade(8.809, 2.350, -25.131, 1380)
upgrade(8.809, 2.350, -25.131, 932)
upgrade(4.534, 2.350, -35.014, 7156)
upgrade(9.835, 2.350, -35.107, 5707)
upgrade(8.809, 2.350, -25.131, 7097)
upgrade(4.534, 2.350, -35.014, 15319)
upgrade(9.835, 2.350, -35.107, 15719)
place(5.868, 1.000, -24.278, "Scout", 6811)
upgrade(5.868, 2.350, -24.278, 6692)
upgrade(5.868, 2.350, -24.278, 6567)
upgrade(5.868, 2.350, -24.278, 8574)
upgrade(5.868, 2.350, -24.278, 8123)
place(11.737, 1.000, -24.168, "Scout", 4907)
upgrade(11.737, 2.350, -24.168, 5738)
upgrade(11.737, 2.350, -24.168, 5724)
upgrade(11.737, 2.350, -24.168, 3580)
upgrade(11.737, 2.350, -24.168, 9186)
place(8.165, 1.000, -22.185, "Scout", 5601)
upgrade(8.165, 2.350, -22.185, 5764)
upgrade(8.165, 2.350, -22.185, 8756)
upgrade(8.165, 2.350, -22.185, 9366)
upgrade(8.165, 2.350, -22.185, 7369)
place(11.059, 1.000, -21.202, "Scout", 5681)
upgrade(11.059, 2.350, -21.202, 10010)
upgrade(11.059, 2.350, -21.202, 11009)
upgrade(11.059, 2.350, -21.202, 10509)
upgrade(11.059, 2.350, -21.202, 8184)
upgrade(6.563, 2.700, -27.210, 4871)
upgrade(6.563, 2.700, -27.210, 7229)
upgrade(6.563, 2.700, -27.210, 17729)
